1

12
A
B
C
D
E
F
G
H
I
J
K
L
10 9 12 4 5 2 6 3 8 1 7 11
1 7 2 11 4 3 12 10 8 6 9 5
7 10 11 8 6 2 5 1 12 3 4 9
10 4 9 6 12 1 11 8 5 3 2 7
1 4 6 12 2 11 8 10 7 5 3 9
8 4 9 3 11 7 12 2 5 10 1 6
4 1 7 5 9 12 3 6 8 10 11 2
9 6 12 3 1 11 8 2 7 10 5 4
6 9 1 3 11 2 4 10 12 7 5 8
2 10 9 1 4 6 12 11 8 3 5 7
1 10 3 7 4 8 5 6 11 12 9 2
7 10 1 3 12 2 4 11 8 6 5 9
4 8 1 9 5 10 11 7 6 2 3 12
12 8 1 7 9 4 6 10 2 3 11 5
3 2 9 6 1 4 10 11 7 8 12 5
1 2 7 3 10 12 8 4 11 5 9 6
6 11 10 7 5 8 4 2 1 3 12 9
3 8 12 4 7 1 5 11 9 6 10 2
4 8 10 1 6 3 12 5 7 2 11 9
5 8 10 9 7 4 1 11 12 2 3 6
2 10 6 8 5 1 9 4 7 3 12 11
9 5 7 11 4 1 8 10 2 6 3 12
2 12 7 4 3 5 10 9 6 11 8 1